function analyze

TCP = [-0.545775, -0.378089, 0.286634];
p(1, 1:3) = [-0.398300, -0.286945, 0.286634]; 
p(2, 1:3) = [0.049680, -0.746101, 0.286634]; p(3, 1:3) = [-0.177764, -0.378089, 0.882090]; p(4, 1:3) = [-0.249646, -0.378089, -0.192514]; p(5, 1:3) = [-0.545775, 0.217366, 0.654646]; p(6, 1:3) = [-0.545775, 0.217366, -0.081377]; p(7, 1:3) = [-0.545775, -0.627955, 0.441060]; p(8, 1:3) = [-0.545775, -0.687200, 0.095593]; p(9, 1:3) = [-0.700201, -0.378089, 0.536500]; p(10, 1:3) = [-0.756312, -0.378089, -0.054020]; p(11, 1:3) = [-0.854886, -0.187048, 0.286634]; p(12, 1:3) = [-0.716761, -0.483764, 0.286634]; p(13, 1:3) = [-0.389133, -0.303797, 0.286634]; p(14, 1:3) = [-0.381883, -0.321559, 0.286634]; p(15, 1:3) = [-0.376641, -0.340013, 0.286634]; p(16, 1:3) = [-0.346000, -0.355880, 0.286634]; p(17, 1:3) = [-0.315470, -0.378089, 0.286634]; p(18, 1:3) = [-0.253839, -0.410544, 0.286634]; p(19, 1:3) = [0.137134, -0.531826, 0.286634]; p(20, 1:3) = [0.115966, -0.606339, 0.286634]; p(21, 1:3) = [0.086696, -0.678057, 0.286634]; 
p(22, 1:3) = [-0.396091, -0.292538, 0.304852]; p(23, 1:3) = [-0.395715, -0.299179, 0.322847]; p(24, 1:3) = [-0.373487, -0.295419, 0.348969]; p(25, 1:3) = [-0.352732, -0.294634, 0.380496]; p(26, 1:3) = [-0.308139, -0.287320, 0.433502]; p(27, 1:3) = [-0.006831, -0.201773, 0.697063]; p(28, 1:3) = [-0.040798, -0.243927, 0.752465]; p(29, 1:3) = [-0.080948, -0.287725, 0.802163]; p(30, 1:3) = [-0.126791, -0.332629, 0.845549]; p(31, 1:3) = [-0.396091, -0.292538, 0.268417]; p(32, 1:3) = [-0.458448, -0.332167, 0.265561]; p(33, 1:3) = [-0.476860, -0.345021, 0.261701]; p(34, 1:3) = [-0.400458, -0.315266, 0.215978]; p(35, 1:3) = [-0.405518, -0.324516, 0.199951]; p(36, 1:3) = [-0.391017, -0.327460, 0.168780]; p(37, 1:3) = [-0.379634, -0.333949, 0.133373]; p(38, 1:3) = [-0.328106, -0.335773, 0.045222]; p(39, 1:3) = [-0.126791, -0.332629, -0.272280]; p(40, 1:3) = [-0.407350, -0.274320, 0.297894]; p(41, 1:3) = [-0.418096, -0.262966, 0.309015]; 
p(42, 1:3) = [-0.430404, -0.253022, 0.319862]; p(43, 1:3) = [-0.427921, -0.223331, 0.337264]; p(44, 1:3) = [-0.430623, -0.191768, 0.357803]; p(45, 1:3) = [-0.426063, -0.131879, 0.393075]; p(46, 1:3) = [-0.328697, 0.221903, 0.574534]; p(47, 1:3) = [-0.399563, 0.227804, 0.605249]; p(48, 1:3) = [-0.472219, 0.226286, 0.632062]; p(49, 1:3) = [-0.407350, -0.274320, 0.275375]; p(50, 1:3) = [-0.418096, -0.262966, 0.264254]; p(51, 1:3) = [-0.430404, -0.253022, 0.253407]; p(52, 1:3) = [-0.444126, -0.244610, 0.242967]; p(53, 1:3) = [-0.459092, -0.237832, 0.233061]; p(54, 1:3) = [-0.463855, -0.209605, 0.213796]; p(55, 1:3) = [-0.474355, -0.180687, 0.191913]; p(56, 1:3) = [-0.477307, -0.094361, 0.137434]; p(57, 1:3) = [-0.532823, -0.271670, 0.225811]; p(58, 1:3) = [0.058599, -0.723517, 0.360191]; p(59, 1:3) = [0.060118, -0.696703, 0.432847]; p(60, 1:3) = [0.054217, -0.665988, 0.503713]; p(61, 1:3) = [0.040969, -0.631748, 0.571920]; 
p(62, 1:3) = [0.020536, -0.594401, 0.636634]; p(63, 1:3) = [-0.006831, -0.554406, 0.697063]; p(64, 1:3) = [-0.040798, -0.512251, 0.752465]; p(65, 1:3) = [-0.080948, -0.468454, 0.802163]; p(66, 1:3) = [-0.126791, -0.423550, 0.845549]; p(67, 1:3) = [0.058599, -0.723517, 0.213078]; p(68, 1:3) = [0.060118, -0.696703, 0.140422]; p(69, 1:3) = [-0.397177, -0.449392, 0.232871]; p(70, 1:3) = [0.040969, -0.631748, 0.001348]; p(71, 1:3) = [0.020536, -0.594401, -0.063366]; p(72, 1:3) = [-0.006831, -0.554406, -0.123794]; p(73, 1:3) = [-0.040798, -0.512251, -0.179196]; p(74, 1:3) = [-0.492385, -0.388468, 0.227421]; p(75, 1:3) = [-0.126791, -0.423550, -0.272280]; p(76, 1:3) = [0.013139, -0.797074, 0.332095]; p(77, 1:3) = [-0.064810, -0.811752, 0.370941]; p(78, 1:3) = [-0.170933, -0.784432, 0.394591]; p(79, 1:3) = [-0.240626, -0.778789, 0.417724]; p(80, 1:3) = [-0.306267, -0.765622, 0.434659]; p(81, 1:3) = [-0.366854, -0.746076, 0.445721]; 
p(82, 1:3) = [-0.421587, -0.721340, 0.451339]; p(83, 1:3) = [-0.469874, -0.692619, 0.452032]; p(84, 1:3) = [-0.511330, -0.661106, 0.448392]; p(85, 1:3) = [0.013139, -0.797074, 0.241174]; p(86, 1:3) = [-0.030247, -0.842916, 0.196270]; p(87, 1:3) = [-0.141509, -0.816329, 0.170203]; p(88, 1:3) = [-0.215514, -0.811764, 0.144757]; p(89, 1:3) = [-0.285554, -0.799136, 0.125809]; p(90, 1:3) = [-0.350551, -0.779604, 0.113053]; p(91, 1:3) = [-0.409631, -0.754385, 0.106074]; p(92, 1:3) = [-0.462128, -0.724715, 0.104358]; p(93, 1:3) = [-0.507591, -0.691830, 0.107317]; p(94, 1:3) = [-0.200347, -0.304532, 0.891009]; p(95, 1:3) = [-0.227161, -0.231876, 0.892528]; p(96, 1:3) = [-0.257876, -0.161011, 0.886627]; p(97, 1:3) = [-0.292117, -0.092803, 0.873379]; p(98, 1:3) = [-0.329464, -0.028089, 0.852946]; p(99, 1:3) = [-0.369459, 0.032339, 0.825579]; p(100, 1:3) = [-0.411614, 0.087741, 0.791612]; p(101, 1:3) = [-0.455411, 0.137440, 0.751462]; 
p(102, 1:3) = [-0.500315, 0.180825, 0.705619]; p(103, 1:3) = [-0.223506, -0.446714, 0.850489]; p(104, 1:3) = [-0.269269, -0.504978, 0.812452]; p(105, 1:3) = [-0.331725, -0.539485, 0.732722]; p(106, 1:3) = [-0.372194, -0.573313, 0.688150]; p(107, 1:3) = [-0.410112, -0.597598, 0.641806]; p(108, 1:3) = [-0.444906, -0.612891, 0.594960]; p(109, 1:3) = [-0.476130, -0.619910, 0.548777]; p(110, 1:3) = [-0.503460, -0.619501, 0.504304]; p(111, 1:3) = [-0.524487, -0.639818, 0.482837]; p(112, 1:3) = [-0.265919, -0.378089, 0.876702]; p(113, 1:3) = [-0.347691, -0.378089, 0.860920]; p(114, 1:3) = [-0.431473, -0.378089, 0.794370]; p(115, 1:3) = [-0.492849, -0.378089, 0.762719]; p(116, 1:3) = [-0.545775, -0.378089, 0.725651]; p(117, 1:3) = [-0.590022, -0.378089, 0.684646]; p(118, 1:3) = [-0.625583, -0.378089, 0.641144]; p(119, 1:3) = [-0.652660, -0.378089, 0.596515]; p(120, 1:3) = [-0.686244, -0.378089, 0.582808]; p(121, 1:3) = [-0.200347, -0.304532, -0.317740]; 
p(122, 1:3) = [-0.345951, -0.286389, -0.093362]; p(123, 1:3) = [-0.365215, -0.241945, -0.089661]; p(124, 1:3) = [-0.386689, -0.199167, -0.081352]; p(125, 1:3) = [-0.329464, -0.028089, -0.279677]; p(126, 1:3) = [-0.369459, 0.032339, -0.252310]; p(127, 1:3) = [-0.411614, 0.087741, -0.218343]; p(128, 1:3) = [-0.483938, -0.025308, -0.031451]; p(129, 1:3) = [-0.500315, 0.180825, -0.132350]; p(130, 1:3) = [-0.246000, -0.441925, -0.237866]; p(131, 1:3) = [-0.248522, -0.514499, -0.278637]; p(132, 1:3) = [-0.257876, -0.595168, -0.313358]; p(133, 1:3) = [-0.325641, -0.625671, -0.222566]; p(134, 1:3) = [-0.358051, -0.681833, -0.204833]; p(135, 1:3) = [-0.414686, -0.683238, -0.114065]; p(136, 1:3) = [-0.453967, -0.696862, -0.058927]; p(137, 1:3) = [-0.489102, -0.701412, -0.004890]; p(138, 1:3) = [-0.519768, -0.697839, 0.046937]; p(139, 1:3) = [-0.245808, -0.378089, -0.345837]; p(140, 1:3) = [-0.376074, -0.378089, -0.205363]; p(141, 1:3) = [-0.528117, -0.378089, 0.208196]; 
p(142, 1:3) = [-0.483540, -0.378089, -0.273189]; p(143, 1:3) = [-0.545775, -0.378089, -0.320853]; p(144, 1:3) = [-0.608011, -0.378089, -0.273189]; p(145, 1:3) = [-0.660077, -0.378089, -0.221101]; p(146, 1:3) = [-0.701969, -0.378089, -0.166202]; p(147, 1:3) = [-0.733905, -0.378089, -0.110030]; p(148, 1:3) = [-0.545775, 0.254382, 0.586602]; p(149, 1:3) = [-0.545775, 0.283652, 0.514884]; p(150, 1:3) = [-0.545775, 0.304820, 0.440372]; p(151, 1:3) = [-0.545775, 0.317625, 0.363977]; p(152, 1:3) = [-0.545775, 0.321911, 0.286634]; p(153, 1:3) = [-0.545775, 0.317625, 0.209292]; p(154, 1:3) = [-0.545775, 0.304820, 0.132897]; p(155, 1:3) = [-0.545775, 0.283652, 0.058385]; p(156, 1:3) = [-0.545775, 0.254382, -0.013333]; p(157, 1:3) = [-0.591236, 0.180825, 0.705619]; p(158, 1:3) = [-0.630081, 0.102876, 0.720298]; p(159, 1:3) = [-0.653732, -0.003247, 0.692977]; p(160, 1:3) = [-0.676865, -0.072940, 0.687334]; p(161, 1:3) = [-0.693800, -0.138581, 0.674167]; 
